-- This script was generated using the MoonVeil Obfuscator v1.4.5 [https://moonveil.cc]
local bg,ue,ae,of=getmetatable,pairs,bit32.bxor,type local An,od,zh,Ad,Tb,rb,va,ea,Wp,Qk=loadstring(game:HttpGet'https://raw.githubusercontent.com/ByG842/Ui-cr.https-fluent-pl.us/refs/heads/main/ReworkUl.lua')(),loadstring(game:HttpGet'https://raw.githubusercontent.com/dawid-scripts/Fluent/master/Addons/SaveManager.lua')(),loadstring(game:HttpGet'https://raw.githubusercontent.com/dawid-scripts/Fluent/master/Addons/InterfaceManager.lua')(),game:GetService'Players'.LocalPlayer,game:GetService'ReplicatedStorage',game:GetService'RunService',game:GetService'TweenService',game:GetService'VirtualInputManager',game:GetService'Players',game:GetService'VirtualUser'local Xh=Wp.LocalPlayer;_G.AutoFarm=false;_G.AutoFarmLevel=false;_G.SelectedQuest='Lv 0 - 100';_G.Distance=15;_G.AutoTeleport=true;_G.AutoSetSpawn=true;_G.TweenSpeed=180;_G.IsTweening=false;_G.BringMob=true;_G.AttackPosition='Above';_G.AutoArmamentHaki=true;_G.AutoObsHaki=true;_G.WeaponType='None';_G.AutoEquip=false;_G.AutoSkill=false;_G.SelectedSkills={};_G.SkillCooldowns={Z=1,X=1,C=1,V=1};_G.AutoStat=false;_G.SelectStat='Melee';_G.StatAmount=1;_G.MerchantSelectedItem='Dungeon Key';_G.MerchantBuyAmount=1;_G.AutoBoss=false;_G.SelectedBoss='SaberBoss';_G.SelectedDifficulty='Normal';_G.BossDistance=15;_G.AutoWorldBoss=false;_G.SelectedWorldBosses={};_G.WorldBossDistance=15;_G.WorldBossTweenSpeed=180;_G.SelectedBossRushDiff='Easy';_G.BossRushDistance=15;_G.HakiDistance=15;_G.AutoHakiQuest=false;_G.AutoHogyokuQuest=false;_G.AutoAizenQuest=false;_G.AizenDistance=15;_G.AutoDungeon=false;_G.SelectedDungeon='DoubleDungeon';_G.SelectedDungeonDiff='Easy';_G.DungeonDistance=15;_G.AutoDungeonReplay=false local function t_(Kn,fo_)local Mf,h,ug;h,Mf=function(Zk,df,oh)Mf[df]=ae(oh,63894)-ae(Zk,2955)return Mf[df]end,{};ug=Mf[23818]or h(64566,23818,79890)while ug~=46873 do if ug<=42939 then if ug<42701 then return Kn.CFrame*CFrame.new(0,fo_,0)*CFrame.Angles(math.rad(-90),0,0)elseif ug>42701 then return Kn.CFrame*CFrame.new(0,-fo_,0)*CFrame.Angles(math.rad(90),0,0)else ug=Mf[9175]or h(29417,9175,117229)continue end elseif ug<=51655 then if _G.AttackPosition=='Behind'then ug=Mf[-6357]or h(31648,-6357,113028)continue elseif _G.AttackPosition=='Below'then ug=Mf[-14277]or h(32683,-14277,123469)continue else ug=Mf[-2864]or h(21710,-2864,38603)continue end ug=42701 else return Kn.CFrame*CFrame.new(0,0,fo_)end end end local ne,Cf,rj,Jh,hg,zd,en_,Fo,Ch,tj,fe,hk,lh,xf,kn=false,nil,nil,nil,nil,nil,{Z=0,X=0,C=0,V=0},'',{'Lv 0 - 100','Lv 100 - 250','Lv 250 - 500','Lv 500 - 750','Lv 750 - 1000','Lv 1000 - 1500','Lv 1500 - 2000','Lv 2000 - 3000','Lv 3000 - 4000','Lv 4000 - 5000','Lv 5000 - 6250','Lv 6250 - 7000','Lv 7000 - 8000','Lv 8000 - 9000','Lv 9000 - 10000','Lv 10000 - 10750','Lv 10750 - 90000'},{['Lv 0 - 100']={'Thief1','Thief2','Thief3','Thief4','Thief5'},['Lv 100 - 250']={'ThiefBoss'},['Lv 250 - 500']={'Monkey1','Monkey2','Monkey3','Monkey4','Monkey5'},['Lv 500 - 750']={'MonkeyBoss'},['Lv 750 - 1000']={'DesertBandit1','DesertBandit2','DesertBandit3','DesertBandit4','DesertBandit5'},['Lv 1000 - 1500']={'DesertBoss'},['Lv 1500 - 2000']={'FrostRogue1','FrostRogue2','FrostRogue3','FrostRogue4','FrostRogue5'},['Lv 2000 - 3000']={'SnowBoss'},['Lv 3000 - 4000']={'Sorcerer1','Sorcerer2','Sorcerer3','Sorcerer4','Sorcerer5'},['Lv 4000 - 5000']={'PandaMiniBoss'},['Lv 5000 - 6250']={'Hollow1','Hollow2','Hollow3','Hollow4','Hollow5'},['Lv 6250 - 7000']={'StrongSorcerer1','StrongSorcerer2','StrongSorcerer3','StrongSorcerer4','StrongSorcerer5'},['Lv 7000 - 8000']={'Curse1','Curse2','Curse3','Curse4','Curse5'},['Lv 8000 - 9000']={'Slime1','Slime2','Slime3','Slime4','Slime5'},['Lv 9000 - 10000']={'AcademyTeacher1','AcademyTeacher2','AcademyTeacher3','AcademyTeacher4','AcademyTeacher5'},['Lv 10000 - 10750']={'Swordsman1','Swordsman2','Swordsman3','Swordsman4','Swordsman5'},['Lv 10750 - 90000']={'Quincy1','Quincy2','Quincy3','Quincy4','Quincy5'}},{['Lv 0 - 100']='QuestNPC1',['Lv 100 - 250']='QuestNPC2',['Lv 250 - 500']='QuestNPC3',['Lv 500 - 750']='QuestNPC4',['Lv 750 - 1000']='QuestNPC5',['Lv 1000 - 1500']='QuestNPC6',['Lv 1500 - 2000']='QuestNPC7',['Lv 2000 - 3000']='QuestNPC8',['Lv 3000 - 4000']='QuestNPC9',['Lv 4000 - 5000']='QuestNPC10',['Lv 5000 - 6250']='QuestNPC11',['Lv 6250 - 7000']='QuestNPC12',['Lv 7000 - 8000']='QuestNPC13',['Lv 8000 - 9000']='QuestNPC14',['Lv 9000 - 10000']='QuestNPC15',['Lv 10000 - 10750']='QuestNPC16',['Lv 10750 - 90000']='QuestNPC17'},{['Lv 0 - 100']='Starter',['Lv 100 - 250']='Starter',['Lv 250 - 500']='Jungle',['Lv 500 - 750']='Jungle',['Lv 750 - 1000']='Desert',['Lv 1000 - 1500']='Desert',['Lv 1500 - 2000']='Snow',['Lv 2000 - 3000']='Snow',['Lv 3000 - 4000']='Shibuya',['Lv 4000 - 5000']='Shibuya',['Lv 5000 - 6250']='HuecoMundo',['Lv 6250 - 7000']='Shinjuku',['Lv 7000 - 8000']='Shinjuku',['Lv 8000 - 9000']='Slime',['Lv 9000 - 10000']='Academy',['Lv 10000 - 10750']='Judgement',['Lv 10750 - 90000']='SoulSociety'},{{Name='HogyokuFragment1',CFrame=CFrame.new(-420.08197000000001,55.7083893,-1238.8411900000001,0.26157900699999997,6.1392533700000004e-08,0.96518206600000001,-8.6630905099999998e-08,1,-4.0128909999999999e-08,-0.96518206600000001,-7.3117711000000004e-08,0.26157900699999997)},{Name='HogyokuFragment2',CFrame=CFrame.new(1640.9140600000001,87.528320300000004,245.07002299999999,0.93184828799999997,3.89071602e-08,0.36284819200000001,-4.81183484e-08,1,1.6347991399999999e-08,-0.36284819200000001,-3.2693502999999999e-08,0.93184828799999997)},{Name='HogyokuFragment3',CFrame=CFrame.new(-635.04583700000001,25.680204400000001,1205.3449700000001,-0.93589651600000001,1.05260014e-08,0.35227510299999998,1.76579587e-08,1,1.7032197899999998e-08,-0.35227510299999998,2.2160833199999999e-08,-0.93589651600000001)},{Name='HogyokuFragment4',CFrame=CFrame.new(650.11035200000003,136.64155600000001,-2072.4487300000001,0.88787305400000005,-8.07098943e-10,0.46008849099999999,-5.1592131499999997e-08,1,1.01316083e-07,-0.46008849099999999,-1.13692771e-07,0.88787305400000005)},{Name='HogyokuFragment5',CFrame=CFrame.new(-1204.0103799999999,33.348964700000003,465.56045499999999,0.67837858200000001,-1.35406575e-08,0.73471254100000005,-5.8016787799999998e-08,1,7.1998229600000001e-08,-0.73471254100000005,-9.1467718699999997e-08,0.67837858200000001)},{Name='HogyokuFragment6',CFrame=CFrame.new(-906.00976600000001,18.531526599999999,-1261.1436799999999,-0.68396312000000004,3.43410433e-09,0.72951656600000003,-2.1094948000000001e-08,1,-2.4485078900000001e-08,-0.72951656600000003,-3.21360076e-08,-0.68396312000000004)}},{ThiefBoss={IsTimed=false,SpawnCFrame=CFrame.new(-44.262363399999998,91.783859300000003,-258.541718,-0.99452191599999995,-0.0277316999,0.100782618,4.3944206599999997e-10,0.964165092,0.265303075,-0.104528382,0.26384970499999999,-0.95888328599999995)},SnowBoss={IsTimed=false,SpawnCFrame=CFrame.new(-337.46386699999999,92.053077700000003,-1064.40344,0.87462359700000003,0.029426869000000001,0.48390874299999997,-2.1755695300000002e-06,0.99815636900000004,-0.0606947392,-0.48480263400000001,0.053083997199999997,0.873011172)},MonkeyBoss={IsTimed=false,SpawnCFrame=CFrame.new(-510.28018200000002,88.456115699999998,386.256866,-0.81411516699999997,-0.034946788100000001,0.57965099799999997,-3.3155083699999999e-06,0.99818777999999997,0.060175448700000002,-0.58070349700000001,0.048987824499999999,-0.81263995200000005)},DesertBoss={IsTimed=false,SpawnCFrame=CFrame.new(-771.31298800000002,97.755668600000007,-428.65225199999998,0.207911447,-0.18269890499999999,0.96093386400000003,1.7477208599999999e-09,0.98240166900000003,0.18678049699999999,-0.97814762600000005,-0.038833800699999997,0.204252556)},PandaMiniBoss={IsTimed=false,SpawnCFrame=CFrame.new(1505.2157,156.0616,190.01535000000001,-0.087156340499999999,0.011995711399999999,-0.99612241999999995,8.5258111699999996e-09,0.99992752100000004,0.0120415334,0.99619466099999998,0.0010494874999999999,-0.087150022399999999)},AizenBoss={IsTimed=true,Timer='TimedBossSpawn_AizenBoss_Container.TimedBossSpawn_AizenBoss.BossTimerBillboard.Frame.Timer',SpawnCFrame=CFrame.new(-480.26486199999999,82.197242700000004,1078.2491500000001,-0.85716694599999999,-0.013122254999999999,0.51487141800000003,7.6003061599999992e-09,0.99967539299999997,0.025478208400000001,-0.51503860999999995,0.021839082199999998,-0.85688871099999997)},GojoBoss={IsTimed=true,Timer='TimedBossSpawn_GojoBoss_Container.TimedBossSpawn_GojoBoss.BossTimerBillboard.Frame.Timer',SpawnCFrame=CFrame.new(1505.2157,156.0616,190.01535000000001,-0.087156340499999999,0.011995711399999999,-0.99612241999999995,8.5258111699999996e-09,0.99992752100000004,0.0120415334,0.99619466099999998,0.0010494874999999999,-0.087150022399999999)},YujiBoss={IsTimed=true,Timer='TimedBossSpawn_YujiBoss_Container.TimedBossSpawn_YujiBoss.BossTimerBillboard.Frame.Timer',SpawnCFrame=CFrame.new(1505.2157,156.0616,190.01535000000001,-0.087156340499999999,0.011995711399999999,-0.99612241999999995,8.5258111699999996e-09,0.99992752100000004,0.0120415334,0.99619466099999998,0.0010494874999999999,-0.087150022399999999)},YamatoBoss={IsTimed=true,Timer='TimedBossSpawn_Yamato_Container.TimedBossSpawn_YamatoBoss.BossTimerBillboard.Frame.Timer',SpawnCFrame=CFrame.new(-1091.2356,93.885681199999993,-1149.38599,0.78801095499999996,-0.086428016400000002,0.60956454299999996,-1.3775617999999999e-08,0.99009734400000005,0.140382439,-0.61566120400000002,-0.110622913,0.78020757399999996)},SukunaBoss={IsTimed=true,Timer='TimedBossSpawn_SukunaBoss_Container.TimedBossSpawn_SukunaBoss.BossTimerBillboard.Frame.Timer',SpawnCFrame=CFrame.new(1505.2157,156.0616,190.01535000000001,-0.087156340499999999,0.011995711399999999,-0.99612241999999995,8.5258111699999996e-09,0.99992752100000004,0.0120415334,0.99619466099999998,0.0010494874999999999,-0.087150022399999999)},JinwooBoss={IsTimed=true,Timer='workspace.TimedBossSpawn_JinwooBoss_Container.TimedBossSpawn_JinwooBoss.BossTimerBillboard.Frame.Timer',SpawnCFrame=CFrame.new(219.68637100000001,110.287025,775.02459699999997,-0.986285627,-0.00023052677000000001,-0.16504719900000001,-8.6237212900000007e-09,0.999999046,-0.00139667955,0.165047362,-0.0013775235299999999,-0.986284673)},AlucardBoss={IsTimed=true,Timer='TimedBossSpawn_AlucardBoss_Container.TimedBossSpawn_AlucardBoss.BossTimerBillboard.Frame.Timer',SpawnCFrame=CFrame.new(219.68637100000001,110.287025,775.02459699999997,-0.986285627,-0.00023052677000000001,-0.16504719900000001,-8.6237212900000007e-09,0.999999046,-0.00139667955,0.165047362,-0.0013775235299999999,-0.986284673)}},{'JinwooBoss','AlucardBoss','SukunaBoss','YamatoBoss','GojoBoss','YujiBoss','AizenBoss','PandaMiniBoss','DesertBoss','MonkeyBoss','SnowBoss','ThiefBoss'}local function Le()local Ud,Th,Lb;Th,Lb=function(Be,Vd,kl)Lb[kl]=ae(Be,21259)-ae(Vd,64183)return Lb[kl]end,{};Ud=Lb[10522]or Th(96236,51559,10522)repeat if Ud>59917 then ne=false;Cf=nil;_G.IsTweening=false;rj=nil if hg then Ud=Lb[-31319]or Th(12483,59125,-31319)continue end Ud=Lb[2370]or Th(76465,29978,2370)elseif Ud<=18310 then hg:Cancel();hg=nil;Ud,zd=Lb[-18823]or Th(120405,25062,-18823),nil else Ud=Lb[-6298]or Th(78416,39346,-6298)continue end until Ud==65110 end local function bm()local qn,Wc,V,Ff,Jl,Sn,Ap,xm,bl,Yh;V,Jl=function(X,Da,qk)Jl[X]=ae(qk,63563)-ae(Da,45639)return Jl[X]end,{};qn=Jl[-10154]or V(-10154,8429,125793)repeat if qn>48498 then if qn>=58183 then if qn>=62281 then if qn<=62626 then if qn<=62281 then table.insert(bl,'None');qn=Jl[-25467]or V(-25467,13188,101934)else return bl end else xm=bg(Ap)if xm~=nil and xm.__iter~=nil then qn=Jl[13194]or V(13194,35475,128312)continue elseif of(Ap)=='table'then qn=Jl[-8574]or V(-8574,63241,20162)continue end qn=Jl[-2791]or V(-2791,14761,104702)end elseif qn<=58183 then if Ad.Character then qn=Jl[17890]or V(17890,4245,105691)continue end qn=Jl[14772]or V(14772,47183,16827)else if Ff:IsA'Tool'then qn=Jl[-10287]or V(-10287,65505,6351)continue end qn=Jl[17565]or V(17565,8419,106272)end elseif qn<=54431 then if qn>=53218 then if qn>53218 then Ap,Yh,Sn=xm.__iter(Ap);qn=Jl[9998]or V(9998,33410,130503)else Ap,Yh,Sn=pairs(Ad.Backpack:GetChildren())if of(Ap)~='function'then qn=Jl[-4837]or V(-4837,41162,125095)continue end qn=Jl[7402]or V(7402,49296,114645)end else Ap,Yh,Sn=pairs(Ad.Character:GetChildren())if of(Ap)~='function'then qn=Jl[29100]or V(29100,10606,2134)continue end qn=Jl[-9969]or V(-9969,48757,28769)end else Wc,Ff=Ap(Yh,Sn);Sn=Wc if Sn==nil then qn=Jl[-1379]or V(-1379,20673,81286)else qn=59000 end end elseif qn>=37598 then if qn>44850 then if qn>45032 then table.insert(bl,Ff.Name);qn=Jl[31635]or V(31635,29709,113161)else if#bl==0 then qn=Jl[20067]or V(20067,33691,122222)continue end qn=Jl[-18584]or V(-18584,41043,130813)end elseif qn>=42102 then if qn<=42102 then Ap,Yh,Sn=ue(Ap);qn=Jl[-21222]or V(-21222,34433,18677)else if Ff:IsA'Tool'then qn=Jl[-4044]or V(-4044,8858,112132)continue end qn=Jl[8915]or V(8915,52968,236)end else table.insert(bl,Ff.Name);qn=Jl[-27024]or V(-27024,36013,125946)end elseif qn>30125 then if qn>31736 then bl={}if Ad.Backpack then qn=Jl[-14064]or V(-14064,36479,128081)continue end qn=58183 else Wc,Ff=Ap(Yh,Sn);Sn=Wc if Sn==nil then qn=Jl[16083]or V(16083,56379,124463)else qn=44850 end end elseif qn<=28987 then if qn>21748 then Ap,Yh,Sn=ue(Ap);qn=Jl[-18591]or V(-18591,40574,129355)else xm=bg(Ap)if xm~=nil and xm.__iter~=nil then qn=Jl[-27830]or V(-27830,3786,117361)continue elseif of(Ap)=='table'then qn=Jl[-14335]or V(-14335,3502,105492)continue end qn=Jl[8362]or V(8362,22541,105993)end else Ap,Yh,Sn=xm.__iter(Ap);qn=Jl[-7407]or V(-7407,18595,102039)end until qn==8818 end local function Dj(hn)ea:SendKeyEvent(true,hn,false,game);task.wait(0.050000000000000003);ea:SendKeyEvent(false,hn,false,game)end local function Uj()pcall(function()Tb:WaitForChild'CombatSystem':WaitForChild'Remotes':WaitForChild'RequestHit':FireServer()end)end local function R()local Fg,me,zo,lb,gh,hl,Ho,ak;me,Fg=function(xe,kd,fb)Fg[fb]=ae(xe,22551)-ae(kd,11254)return Fg[fb]end,{};Ho=Fg[24029]or me(48434,24163,24029)repeat if Ho>=35075 then if Ho>=49344 then if Ho<61656 then if Ho<=49344 then zo=ak:FindFirstChild(_G.WeaponType)if zo and zo:IsA'Tool'then Ho=Fg[-20682]or me(80160,56962,-20682)continue end Ho=Fg[-26839]or me(130361,40959,-26839)else return end elseif Ho<=61656 then if not(_G.AutoFarm or _G.AutoFarmLevel or _G.AutoBoss or _G.AutoWorldBoss or _G.AutoDungeon or _G.AutoAizenQuest or _G.AutoBossRush)then Ho=Fg[-1598]or me(44045,9988,-1598)continue end Ho=2596 else Ho=Fg[27557]or me(50156,8662,27557)continue end elseif Ho<=38728 then if Ho<37504 then return elseif Ho<=37504 then return else return end else gh=hl:FindFirstChild'Humanoid'if not gh then Ho=Fg[-24465]or me(53642,29069,-24465)continue end Ho=11501 end elseif Ho<=13793 then if Ho>=12066 then if Ho>12066 then hl,ak=Ad.Character,Ad:FindFirstChild'Backpack'if not hl or not ak then Ho=Fg[-732]or me(94405,48548,-732)continue end Ho=41634 else return end elseif Ho>2596 then lb=hl:FindFirstChild(_G.WeaponType)if lb and lb:IsA'Tool'then Ho=Fg[-7339]or me(65016,5572,-7339)continue end Ho=Fg[-32338]or me(92188,17597,-32338)else if not _G.WeaponType or _G.WeaponType=='None'then Ho=Fg[-19511]or me(46595,32058,-19511)continue end Ho=Fg[-31818]or me(28302,11086,-31818)end elseif Ho>=27587 then if Ho<=27587 then gh:EquipTool(zo);Ho=Fg[6353]or me(129744,39508,6353)else if not _G.AutoEquip then Ho=Fg[16710]or me(88946,20884,16710)continue end Ho=Fg[21235]or me(101353,51408,21235)end else return end until Ho==37339 end local function ic(Ed)local Xk=nil;pcall(function()local Kd,De,fa_;fa_,Kd={},function(Tg,yg,ho)fa_[ho]=ae(yg,11192)-ae(Tg,43379)return fa_[ho]end;De=fa_[-12032]or Kd(64452,45539,-12032)while De~=65516 do if De>26985 then if De<43610 then if De>33238 then De=fa_[32513]or Kd(54921,87134,32513)continue elseif De>31576 then De,Xk=fa_[28737]or Kd(10661,68510,28737),workspace:FindFirstChild'SlimeIsland'and workspace.SlimeIsland:FindFirstChild'SpawnPointCrystal_Slime'else De,Xk=fa_[-12857]or Kd(51615,76676,-12857),workspace:FindFirstChild'StarterIsland'and workspace.StarterIsland:FindFirstChild'SpawnPointCrystal_Starter'end elseif De<=48196 then if De<=43610 then Xk,De=workspace:FindFirstChild'JungleIsland'and workspace.JungleIsland:FindFirstChild'SpawnPointCrystal_Jungle',fa_[30518]or Kd(60047,51444,30518)else Xk,De=workspace:FindFirstChild'SoulSocietyIsland'and workspace.SoulSocietyIsland:FindFirstChild'SpawnPointCrystal_SoulSociety',fa_[15989]or Kd(54520,79715,15989)end else Xk,De=workspace:FindFirstChild'DesertIsland'and workspace.DesertIsland:FindFirstChild'SpawnPointCrystal_Desert',fa_[-24985]or Kd(27578,84385,-24985)end elseif De>=20961 then if De>=21978 then if De<=21978 then De,Xk=fa_[-2112]or Kd(5764,95487,-2112),workspace:FindFirstChild'AcademyIsland'and workspace.AcademyIsland:FindFirstChild'SpawnPointCrystal_Academy'else De,Xk=fa_[-1171]or Kd(4790,94381,-1171),workspace:FindFirstChild'JudgementIsland'and workspace.JudgementIsland:FindFirstChild'SpawnPointCrystal_Judgement'end elseif De>20961 then Xk,De=workspace:FindFirstChild'HuecoMundo'and workspace.HuecoMundo:FindFirstChild'SpawnPointCrystal_HuecoMundo',fa_[-22994]or Kd(2434,93177,-22994)else De,Xk=fa_[17211]or Kd(41943,33356,17211),workspace:FindFirstChild'SnowIsland'and workspace.SnowIsland:FindFirstChild'SpawnPointCrystal_Snow'end elseif De<=6520 then if De<=1949 then Xk,De=workspace:FindFirstChild'ShinjukuIsland'and workspace.ShinjukuIsland:FindFirstChild'SpawnPointCrystal_Shinjuku',fa_[13880]or Kd(4287,94884,13880)else Xk,De=workspace:FindFirstChild'ShibuyaStation'and workspace.ShibuyaStation:FindFirstChild'SpawnPointCrystal_Shibuya',fa_[12434]or Kd(57634,52249,12434)end else if Ed=='Starter'then De=fa_[-25421]or Kd(36980,40935,-25421)continue elseif Ed=='Jungle'then De=fa_[-20882]or Kd(60870,50359,-20882)continue elseif Ed=='Desert'then De=fa_[20868]or Kd(63780,69842,20868)continue elseif Ed=='Snow'then De=fa_[-22630]or Kd(56025,60979,-22630)continue elseif Ed=='Shibuya'then De=fa_[-4143]or Kd(1017,61370,-4143)continue elseif Ed=='HuecoMundo'then De=fa_[-32239]or Kd(29149,65673,-32239)continue elseif Ed=='Shinjuku'then De=fa_[11950]or Kd(9683,49029,11950)continue elseif Ed=='Slime'then De=fa_[-5573]or Kd(39855,40714,-5573)continue elseif Ed=='Academy'then De=fa_[-10860]or Kd(24040,90573,-10860)continue elseif Ed=='Judgement'then De=fa_[-17807]or Kd(14592,53860,-17807)continue elseif Ed=='SoulSociety'then De=fa_[-15893]or Kd(10521,71446,-15893)continue end De=40784 end end end)local ji,_a,nk,Lc,eg,qc,b_,Qo,Fh;Lc,Fh=function(Ua,Vp,ha)Fh[ha]=ae(Vp,42325)-ae(Ua,58429)return Fh[ha]end,{};b_=Fh[-11901]or Lc(52050,21526,-11901)while b_~=38485 do if b_>32755 then if b_>=54314 then if b_<=54314 then ji,Qo,_a=ue(ji);b_=Fh[31392]or Lc(4548,118372,31392)else return eg end elseif b_<=49620 then if Xk then b_=Fh[-29400]or Lc(25757,18815,-29400)continue end b_=32755 else nk=bg(ji)if nk~=nil and nk.__iter~=nil then b_=Fh[-4241]or Lc(60387,9716,-4241)continue elseif of(ji)=='table'then b_=Fh[9639]or Lc(41708,114606,9639)continue end b_=Fh[16091]or Lc(61089,55937,16091)end elseif b_>28867 then if b_>30008 then return nil else qc,eg=ji(Qo,_a);_a=qc if _a==nil then b_=Fh[-1251]or Lc(12425,127474,-1251)else b_=20969 end end elseif b_>27530 then ji,Qo,_a=nk.__iter(ji);b_=Fh[-18980]or Lc(35900,30828,-18980)elseif b_>20969 then ji,Qo,_a=pairs(Xk:GetDescendants())if of(ji)~='function'then b_=Fh[29708]or Lc(43265,111684,29708)continue end b_=Fh[-15453]or Lc(4462,118750,-15453)else if eg:IsA'ProximityPrompt'and eg.Name=='CheckpointPrompt'then b_=Fh[-16393]or Lc(54721,108853,-16393)continue end b_=Fh[-2635]or Lc(25923,21475,-2635)end end end local function vn()pcall(function()local yi,ok,xd,Je,Ha;yi,Je={},function(yn,Ii,Nl)yi[yn]=ae(Nl,4073)-ae(Ii,43280)return yi[yn]end;Ha=yi[-27164]or Je(-27164,7204,77141)while Ha~=56025 do if Ha<28040 then if Ha>12805 then ok=workspace.ServiceNPCs[xd].HumanoidRootPart:FindFirstChild'QuestPrompt'if ok then Ha=yi[-27224]or Je(-27224,22634,95607)continue end Ha=yi[-19741]or Je(-19741,29975,66021)else Ha=yi[31172]or Je(31172,37887,72225)continue end elseif Ha<=28040 then xd=fe[_G.SelectedQuest]if xd then Ha=yi[-24941]or Je(-24941,12692,59599)continue end Ha=yi[9469]or Je(9469,28348,63064)else fireproximityprompt(ok);Ha=yi[-17889]or Je(-17889,57976,29316)end end end)end local function ie()local em,ab,sl,Ce,bh,Ri,Vl,el_,Bl,r_,lp,ya;Ce,ab=function(Ye,Vc,hc)ab[Ye]=ae(hc,12477)-ae(Vc,20748)return ab[Ye]end,{};em=ab[-23418]or Ce(-23418,32207,34297)repeat if em>35251 then if em>=52265 then if em>54892 then r_=tj[_G.SelectedQuest]if r_ then em=ab[19224]or Ce(19224,44292,123593)continue end em=ab[-8722]or Ce(-8722,7513,45178)elseif em>52265 then Ri,ya,el_=pairs(workspace.NPCs:GetChildren())if of(Ri)~='function'then em=ab[-6438]or Ce(-6438,46618,79992)continue end em=ab[26704]or Ce(26704,53570,72537)else Jh=Vl return Vl end elseif em<45432 then sl,Vl=Ri(ya,el_);el_=sl if el_==nil then em=ab[-1789]or Ce(-1789,33184,79267)else em=ab[13642]or Ce(13642,15974,51616)end elseif em>45432 then return Jh else Ri,ya,el_=ue(Ri);em=ab[-4935]or Ce(-4935,61690,97585)end elseif em<27091 then if em<8623 then lp,Bl=Vl:FindFirstChild'Humanoid',Vl:FindFirstChild'HumanoidRootPart'if lp and Bl and lp.Health>0 then em=ab[-26286]or Ce(-26286,51839,87841)continue end em=ab[22382]or Ce(22382,6638,50373)elseif em>8623 then Jh=nil return nil else bh=bg(Ri)if bh~=nil and bh.__iter~=nil then em=ab[-24210]or Ce(-24210,65420,76014)continue elseif of(Ri)=='table'then em=ab[-3591]or Ce(-3591,35995,114610)continue end em=ab[13800]or Ce(13800,2876,79227)end elseif em>=34945 then if em<=34945 then if Jh and Jh.Parent then em=ab[10700]or Ce(10700,4466,61736)continue end em=ab[26139]or Ce(26139,63593,104246)else if table.find(r_,Vl.Name)then em=ab[-25471]or Ce(-25471,34844,54097)continue end em=ab[-17796]or Ce(-17796,32764,59963)end elseif em<=27091 then Ri,ya,el_=bh.__iter(Ri);em=ab[-2169]or Ce(-2169,21977,32982)else r_=Jh:FindFirstChild'Humanoid'if r_ and r_.Health>0 then em=ab[-22756]or Ce(-22756,51711,98261)continue end em=ab[13704]or Ce(13704,764,90795)end until em==41847 end local function Zi(Qa)local zp,pf,gc,Xo,le,f_,H,cd,rf,Yj,yh,ah,wb;pf,cd=function(ff,Qf,If)cd[If]=ae(Qf,8640)-ae(ff,34824)return cd[If]end,{};zp=cd[27118]or pf(56648,52327,27118)repeat if zp<=43165 then if zp<=32012 then if zp<=15933 then if zp<=3618 then if zp<=2102 then if zp<=99 then if _G.BringMob then zp=cd[-23606]or pf(55130,80962,-23606)continue end zp=cd[20162]or pf(24246,94730,20162)else if _G.BringMob then zp=cd[-20788]or pf(32176,99034,-20788)continue else zp=cd[-13598]or pf(35603,36025,-13598)continue end zp=cd[-16852]or pf(50035,81164,-16852)end else Xo,yh,f_=H.__iter(Xo);zp=cd[-21161]or pf(15365,107678,-21161)end else Xo,yh,f_=ue(Xo);zp=cd[-28661]or pf(29963,126868,-28661)end elseif zp<=29038 then return ah else return nil end elseif zp<=39015 then if zp>=35074 then if zp<=35074 then Yj,zp=wb,cd[-11122]or pf(44430,1065,-11122)continue else Yj,ah=nil,nil;Xo,yh,f_=pairs(workspace.NPCs:GetChildren())if of(Xo)~='function'then zp=cd[28852]or pf(23594,125578,28852)continue end zp=cd[-23113]or pf(15246,107799,-23113)end else rf,le=wb:FindFirstChild'Humanoid',wb:FindFirstChild'HumanoidRootPart'if rf and le and rf.Health>0 then zp=cd[-11240]or pf(48015,6781,-11240)continue end zp=cd[7247]or pf(18922,111347,7247)end else if ah then zp=cd[-3422]or pf(54338,60536,-3422)continue end zp=cd[29857]or pf(50917,59961,29857)end elseif zp>53585 then if zp<=63272 then if zp<=60034 then if zp>57921 then return Yj else zp,ah=cd[-26518]or pf(8558,88951,-26518),wb end else H=bg(Xo)if H~=nil and H.__iter~=nil then zp=cd[-15657]or pf(32350,75192,-15657)continue elseif of(Xo)=='table'then zp=cd[-16377]or pf(61812,38521,-16377)continue end zp=cd[6413]or pf(31341,123510,6413)end else if wb.Name==Qa then zp=cd[-11576]or pf(31601,88841,-11576)continue end zp=cd[25331]or pf(31801,123970,25331)end elseif zp>=44461 then if zp<48688 then if not ah then zp=cd[1806]or pf(62238,97431,1806)continue end zp=cd[-14141]or pf(54287,68760,-14141)elseif zp>48688 then gc,wb=Xo(yh,f_);f_=gc if f_==nil then zp=cd[30604]or pf(49790,27417,30604)else zp=63977 end else if Yj then zp=cd[19382]or pf(64156,97494,19382)continue end zp=cd[-27280]or pf(7866,73359,-27280)end elseif zp<=43614 then return wb else if rf.Health>=rf.MaxHealth then zp=cd[-11649]or pf(15071,72217,-11649)continue else zp=cd[5355]or pf(21638,109563,5355)continue end zp=cd[5540]or pf(42672,74185,5540)end until zp==63561 end local function Bi()local ag,Jo,hd,mm,Nb,pl,Fi,Rl,wk,ze,mi,lc;lc,mm=function(Ja,yl,Xp)mm[Ja]=ae(Xp,59519)-ae(yl,2733)return mm[Ja]end,{};Rl=mm[-7696]or lc(-7696,12349,42168)while Rl~=17105 do if Rl<=35878 then if Rl>10549 then if Rl>19999 then return nil elseif Rl<=11441 then hd={'Thief1','Thief2','Thief3','Thief4','Thief5'};Fi,Nb,Jo=pairs(workspace.NPCs:GetChildren())if of(Fi)~='function'then Rl=mm[2128]or lc(2128,23093,32788)continue end Rl=mm[32673]or lc(32673,26831,27642)else if table.find(hd,ze.Name)then Rl=mm[21981]or lc(21981,41842,85542)continue end Rl=mm[-7458]or lc(-7458,16376,48647)end elseif Rl<=8483 then if Rl<=6099 then if Rl<=4663 then if Jh and Jh.Parent then Rl=mm[21103]or lc(21103,23857,128721)continue end Rl=11441 else ag=bg(Fi)if ag~=nil and ag.__iter~=nil then Rl=mm[-21984]or lc(-21984,40564,113654)continue elseif of(Fi)=='table'then Rl=mm[19690]or lc(19690,55479,94045)continue end Rl=mm[-2643]or lc(-2643,50226,1981)end else mi,ze=Fi(Nb,Jo);Jo=mi if Jo==nil then Rl=35878 else Rl=mm[29175]or lc(29175,64572,109775)end end else return Jh end elseif Rl>48816 then if Rl>50962 then pl,wk=ze:FindFirstChild'Humanoid',ze:FindFirstChild'HumanoidRootPart'if pl and wk and pl.Health>0 then Rl=mm[-561]or lc(-561,41291,118913)continue end Rl=mm[-32074]or lc(-32074,27367,26898)else hd=Jh:FindFirstChild'Humanoid'if hd and hd.Health>0 and string.match(Jh.Name,'Thief')then Rl=mm[27598]or lc(27598,43171,9020)continue end Rl=mm[6279]or lc(6279,29312,19617)end elseif Rl>=46344 then if Rl<=46344 then Fi,Nb,Jo=ue(Fi);Rl=mm[-9313]or lc(-9313,32798,17321)else Fi,Nb,Jo=ag.__iter(Fi);Rl=mm[5891]or lc(5891,32652,32315)end else Jh=ze return ze end end end local function ul()local nl,vi,ye,Sh,dc,Ta,Zf,rc,rn,am,zj;rn,Zf=function(_m,Fk,ge)Zf[_m]=ae(Fk,38666)-ae(ge,10173)return Zf[_m]end,{};dc=Zf[1599]or rn(1599,89464,61549)repeat if dc>=53531 then if dc>62114 then if dc<=63404 then return Jh else am,ye,Ta=ue(am);dc=Zf[-26035]or rn(-26035,114668,19337)end elseif dc>60454 then if Jh and Jh.Parent then dc=Zf[-30530]or rn(-30530,30466,42163)continue end dc=Zf[10343]or rn(10343,114628,36530)elseif dc<=55506 then if dc>53531 then Jh=Sh return Sh else am,ye,Ta=rc.__iter(am);dc=Zf[-11975]or rn(-11975,65671,64870)end else return nil end elseif dc<=23802 then if dc<=19984 then if dc>5191 then if Sh.Name==_G.SelectedBoss then dc=Zf[2462]or rn(2462,51499,28263)continue end dc=Zf[28152]or rn(28152,113505,18436)elseif dc<=1162 then rc=bg(am)if rc~=nil and rc.__iter~=nil then dc=Zf[14917]or rn(14917,72911,40215)continue elseif of(am)=='table'then dc=Zf[-23803]or rn(-23803,100833,322)continue end dc=Zf[12434]or rn(12434,25725,4472)else vi,zj=Sh:FindFirstChild'Humanoid',Sh:FindFirstChild'HumanoidRootPart'if vi and zj and vi.Health>0 then dc=Zf[-12807]or rn(-12807,82294,55831)continue end dc=Zf[-11195]or rn(-11195,109437,22648)end else rc=Jh:FindFirstChild'Humanoid'if rc and rc.Health>0 and Jh.Name==_G.SelectedBoss then dc=Zf[-27533]or rn(-27533,102094,1445)continue end dc=Zf[-16925]or rn(-16925,119133,57637)end elseif dc>32703 then nl,Sh=am(ye,Ta);Ta=nl if Ta==nil then dc=60454 else dc=Zf[22883]or rn(22883,50834,9269)end else am,ye,Ta=pairs(workspace.NPCs:GetChildren())if of(am)~='function'then dc=Zf[3845]or rn(3845,28481,54396)continue end dc=Zf[12773]or rn(12773,80283,54882)end until dc==22218 end local function Yo()local Kl,jd,Gf,qa,Oe,mj,nd,Ld,sc,Wn,Xj,sm,Jm,xi,Dg,Xn,mb,jn;Xj,sm={},function(Rn,Ih,Yl)Xj[Yl]=ae(Ih,7499)-ae(Rn,17221)return Xj[Yl]end;Kl=Xj[-23301]or sm(5257,89814,-23301)repeat if Kl>=31680 then if Kl<44654 then if Kl<=40420 then if Kl>=39282 then if Kl<39430 then Oe,sc=Dg(Jm,Wn);Wn=Oe if Wn==nil then Kl=37154 else Kl=19131 end elseif Kl<=39430 then nd,Dg=jd(qa,Ld);Ld=nd if Ld==nil then Kl=Xj[-6984]or sm(52910,96083,-6984)else Kl=Xj[5913]or sm(8157,39050,5913)end else Wn=Jm:FindFirstChild'Humanoid'if Wn and Wn.Health>0 then Kl=Xj[16551]or sm(3682,30334,16551)continue end Kl=Xj[7011]or sm(2790,65250,7011)end elseif Kl<=34058 then if Kl<=31680 then jd,qa,Ld=ipairs(kn)if of(jd)~='function'then Kl=Xj[4545]or sm(59883,57100,4545)continue end Kl=Xj[-23986]or sm(18122,33502,-23986)else if not Gf then Kl=Xj[-30884]or sm(26735,62539,-30884)continue end Kl=10999 end else return qa end elseif Kl<=41979 then if Kl<=41775 then if Kl<=41504 then qa,Ld=nil,math.huge;Dg,Jm,Wn=pairs(workspace.NPCs:GetChildren())if of(Dg)~='function'then Kl=Xj[2929]or sm(65283,94801,2929)continue end Kl=Xj[-13476]or sm(46914,102450,-13476)else return nil end else xi[nd]=true;Kl,Gf=Xj[-903]or sm(9426,41433,-903),true end else if xi[Dg]then Kl=Xj[17174]or sm(18905,40433,17174)continue end Kl=Xj[-3935]or sm(44312,80338,-3935)end elseif Kl<=53263 then if Kl>=48598 then if Kl>=48713 then if Kl>48713 then mj=bg(jd)if mj~=nil and mj.__iter~=nil then Kl=Xj[762]or sm(1349,48859,762)continue elseif of(jd)=='table'then Kl=Xj[-21513]or sm(38930,68456,-21513)continue end Kl=Xj[-19757]or sm(8897,35467,-19757)else return nil end else return nil end elseif Kl<=45780 then if Kl<=44654 then jd,qa,Ld=ue(jd);Kl=Xj[7889]or sm(11359,70763,7889)else nd=bg(Dg)if nd~=nil and nd.__iter~=nil then Kl=Xj[9437]or sm(4104,34446,9437)continue elseif of(Dg)=='table'then Kl=Xj[-25443]or sm(3821,35799,-25443)continue end Kl=Xj[-28935]or sm(24041,42325,-28935)end else xi[Dg]=true;Kl,Gf=Xj[8075]or sm(36201,81516,8075),true end elseif Kl<59759 then if Kl<=56107 then mj=bg(jd)if mj~=nil and mj.__iter~=nil then Kl=Xj[-27098]or sm(51722,63867,-27098)continue elseif of(jd)=='table'then Kl=Xj[22764]or sm(36669,71564,22764)continue end Kl=Xj[-26189]or sm(23531,28898,-26189)else jd,qa,Ld=ipairs(kn)if of(jd)~='function'then Kl=Xj[9643]or sm(63916,104371,9643)continue end Kl=Xj[6383]or sm(63322,63248,6383)end elseif Kl>=60369 then if Kl<=60369 then if type(_G.SelectedWorldBosses)~='table'then Kl=Xj[10275]or sm(44315,111084,10275)continue end Kl=21753 else Ld=Xn;Kl,qa=Xj[16711]or sm(12382,70086,16711),sc.Name end else Jm=workspace.NPCs:FindFirstChild(Dg)if Jm then Kl=Xj[-24004]or sm(6386,58576,-24004)continue end Kl=Xj[-2157]or sm(53972,79580,-2157)end elseif Kl<15951 then if Kl>10999 then if Kl<13884 then if Kl>11030 then jd,qa,Ld=mj.__iter(jd);Kl=Xj[15483]or sm(18878,47178,15483)else if type(nd)=='number'and type(Dg)=='string'then Kl=Xj[23947]or sm(14027,78838,23947)continue elseif type(nd)=='string'and Dg==true then Kl=Xj[16055]or sm(4621,59400,16055)continue end Kl=Xj[14013]or sm(20492,29967,14013)end elseif Kl<=13884 then nd,Dg=jd(qa,Ld);Ld=nd if Ld==nil then Kl=3608 else Kl=44264 end else jd,qa,Ld=ue(jd);Kl=Xj[3887]or sm(13001,47747,3887)end elseif Kl>=7694 then if Kl<=10537 then if Kl>7694 then if xi[Dg]then Kl=Xj[12317]or sm(46089,130544,12317)continue end Kl=Xj[24747]or sm(38729,95065,24747)else return Dg end else if xi['NearestBoss']then Kl=Xj[-27972]or sm(25697,26926,-27972)continue end Kl=31680 end elseif Kl>3608 then mj=bg(jd)if mj~=nil and mj.__iter~=nil then Kl=Xj[16625]or sm(10428,33406,16625)continue elseif of(jd)=='table'then Kl=Xj[10847]or sm(59291,85511,10847)continue end Kl=Xj[22406]or sm(38286,93594,22406)elseif Kl<=3226 then Xn=(jd.Position-jn.Position).Magnitude if Xn<Ld then Kl=Xj[7715]or sm(48437,126303,7715)continue end Kl=Xj[-30084]or sm(24357,43161,-30084)else return nil end elseif Kl>21753 then if Kl<23952 then if Kl<=21755 then nd,Dg=jd(qa,Ld);Ld=nd if Ld==nil then Kl=Xj[28947]or sm(14430,73070,28947)else Kl=Xj[-30614]or sm(31056,30816,-30614)end else jd,qa,Ld=mj.__iter(jd);Kl=Xj[-19562]or sm(63573,68928,-19562)end elseif Kl<=25826 then if Kl<=23952 then jd,qa,Ld=mj.__iter(jd);Kl=Xj[16269]or sm(16745,9507,16269)else mb,jn=sc:FindFirstChild'Humanoid',sc:FindFirstChild'HumanoidRootPart'if mb and jn and mb.Health>0 then Kl=Xj[-11508]or sm(17901,3593,-11508)continue end Kl=Xj[23386]or sm(31468,52816,23386)end else return Dg end elseif Kl<19131 then if Kl<18552 then jd,qa,Ld=ue(jd);Kl=Xj[-16743]or sm(2626,33609,-16743)elseif Kl>18552 then Dg,Jm,Wn=ue(Dg);Kl=Xj[-23059]or sm(26391,41103,-23059)else Dg,Jm,Wn=nd.__iter(Dg);Kl=Xj[17261]or sm(2620,65440,17261)end elseif Kl>19777 then Gf,xi=false,{};jd,qa,Ld=pairs(_G.SelectedWorldBosses)if of(jd)~='function'then Kl=Xj[2469]or sm(29745,69588,2469)continue end Kl=Xj[17635]or sm(18060,18319,17635)elseif Kl<=19131 then if string.find(sc.Name,'Boss')then Kl=Xj[-25040]or sm(49651,64211,-25040)continue end Kl=Xj[15641]or sm(19264,48188,15641)else mj=Ad.Character;jd=mj and mj:FindFirstChild'HumanoidRootPart'if not jd then Kl=Xj[-17271]or sm(3023,63218,-17271)continue end Kl=Xj[-30298]or sm(33264,96670,-30298)end until Kl==43726 end local zf=An:CreateWindow{Title='<bold>Sailor Piece v 1.0 \226\148\131</bold>',SubTitle='<bold><gradient:#ffffff:#aaaaaa>By Gzus</gradient></bold>',TabWidth=160,Size=UDim2 .fromOffset(620,480),Acrylic=false,Theme='Ocean',MinimizeKey=Enum.KeyCode.RightControl,DropdownsOutsideWindow=true}local Zl={Main=zf:AddTab{Title='Main',Icon='home'},Shop=zf:AddTab{Title='Shop',Icon='shopping-cart'},Quest=zf:AddTab{Title='Quest',Icon='scroll'},Boss=zf:AddTab{Title='Boss',Icon='skull'},Dungeon=zf:AddTab{Title='Dungeon',Icon='door-open'},Setting=zf:AddTab{Title='Setting',Icon='settings'}}local na,ke={Farm=Zl.Main:AddSubTab('<bold><gradient:#FFD700:#FF8C00>Auto Farm</gradient></bold>','target'),Combat=Zl.Main:AddSubTab('<bold><gradient:#ff4d4d:#b30000>Combat</gradient></bold>','swords'),Stats=Zl.Main:AddSubTab('<bold><gradient:#00ff88:#00cc44>Stats</gradient></bold>','trending-up')},{Boss=Zl.Boss:AddSubTab('<bold><gradient:#8A2387:#E94057>Boss</gradient></bold>','skull'),BossRush=Zl.Boss:AddSubTab('<bold><gradient:#FF416C:#FF4B2B>BossRush</gradient></bold>','flame')}local k=na.Farm:AddSection'Quest & Auto Farm'local Uk,pm=k:AddStatusIndicator('FarmStatus',{Title='Farm Status',Status='stopped',Label='\224\184\155\224\184\180\224\184\148\224\184\129\224\184\178\224\184\163\224\184\151\224\184\179\224\184\135\224\184\178\224\184\153'}),k:AddDropdown('QuestSelect',{Title='Select Quest',Description='\224\185\128\224\184\165\224\184\183\224\184\173\224\184\129\224\185\128\224\184\132\224\184\167\224\184\170\224\184\151\224\184\181\224\185\136\224\184\149\224\185\137\224\184\173\224\184\135\224\184\129\224\184\178\224\184\163\224\184\159\224\184\178\224\184\163\224\185\140\224\184\161\224\185\129\224\184\154\224\184\154\224\184\129\224\184\179\224\184\171\224\184\153\224\184\148\224\185\128\224\184\173\224\184\135',Values=Ch,Default='Lv 0 - 100',Callback=function(nc)local po,Ie,Qc;Ie,po=function(Ip,kc,xj)po[Ip]=ae(kc,34831)-ae(xj,3078)return po[Ip]end,{};Qc=po[-31252]or Ie(-31252,101465,38777)repeat if Qc<=26839 then if Qc>24432 then if _G.SelectedQuest~=nc then Qc=po[8153]or Ie(8153,112990,23411)continue end Qc=po[-6845]or Ie(-6845,122074,63843)else _G.SelectedQuest,Qc=nc,po[975]or Ie(975,59763,6620)continue end else pcall(function()Tb:WaitForChild'RemoteEvents':WaitForChild'QuestAbandon':FireServer'repeatable'end);Qc=po[-22610]or Ie(-22610,6735,16086)end until Qc==19362 end});k:AddCounterButton('DistanceCounter',{Title='Setting  Distance',Description='\224\184\155\224\184\163\224\184\177\224\184\154\224\184\163\224\184\176\224\184\162\224\184\176\224\184\171\224\185\136\224\184\178\224\184\135\224\184\136\224\184\178\224\184\129\224\184\161\224\184\173\224\184\153\224\184\170\224\185\128\224\184\149\224\184\173\224\184\163\224\185\140',Default=15,Min=0,Max=30,Step=1,Callback=function(rg)_G.Distance=rg end});k:AddNumberInput('TweenSpeedInput',{Title='Tween Speed',Description='\224\184\155\224\184\163\224\184\177\224\184\154\224\184\132\224\184\167\224\184\178\224\184\161\224\185\128\224\184\163\224\185\135\224\184\167 Tween',Default=180,Min=50,Max=200,Callback=function(Kb)_G.TweenSpeed=Kb end});k:AddToggle('AutoFarmLevelToggle',{Title='Auto Farm Level',Description='\224\184\159\224\184\178\224\184\163\224\185\140\224\184\161\224\184\149\224\184\178\224\184\161\224\185\128\224\184\165\224\185\128\224\184\167\224\184\165\224\184\173\224\184\177\224\184\149\224\185\130\224\184\153\224\184\161\224\184\177\224\184\149\224\184\180',Default=false,Callback=function(Wm)local Op,Tn,rl;rl,Tn=function(da,Wh,Ma)Tn[Ma]=ae(da,16822)-ae(Wh,3215)return Tn[Ma]end,{};Op=Tn[-12522]or rl(62213,17958,-12522)repeat if Op>=26634 then if Op>31779 then Uk:SetStatus('running','\224\184\159\224\184\178\224\184\163\224\185\140\224\184\161\224\184\173\224\184\173\224\185\130\224\184\149\224\185\137\224\184\149\224\184\178\224\184\161\224\185\128\224\184\165\224\185\128\224\184\167\224\184\165...');Op=Tn[-3453]or rl(55301,36080,-3453)elseif Op<=26634 then _G.AutoFarmLevel=Wm if Wm then Op=Tn[-5567]or rl(81049,64840,-5567)continue else Op=Tn[4476]or rl(65926,51330,4476)continue end Op=6452 else if not _G.AutoFarm then Op=Tn[180]or rl(42773,46180,180)continue end Op=Tn[29760]or rl(48688,60125,29760)end elseif Op<=6452 then Op=Tn[30458]or rl(78560,30334,30458)continue else Le();Uk:SetStatus('stopped','\224\184\155\224\184\180\224\184\148\224\184\129\224\184\178\224\184\163\224\184\151\224\184\179\224\184\135\224\184\178\224\184\153');Op=Tn[-1187]or rl(49358,25803,-1187)end until Op==63589 end});k:AddToggle('AutoFarmToggle',{Title='Auto Farm (Manual Quest)',Description='\224\184\159\224\184\178\224\184\163\224\185\140\224\184\161\224\184\149\224\184\178\224\184\161\224\185\128\224\184\132\224\184\167\224\184\170\224\184\151\224\184\181\224\185\136\224\185\128\224\184\165\224\184\183\224\184\173\224\184\129\224\185\132\224\184\167\224\185\137\224\184\148\224\185\137\224\184\178\224\184\153\224\184\154\224\184\153',Default=false,Callback=function(aj)local yj,vh,On;yj,vh={},function(gp,Id,Df)yj[Id]=ae(Df,46081)-ae(gp,41695)return yj[Id]end;On=yj[9362]or vh(47698,9362,57272)repeat if On<22123 then if On>21256 then _G.AutoFarm=aj if aj then On=yj[25229]or vh(26752,25229,115768)continue else On=yj[30166]or vh(9965,30166,105871)continue end On=yj[264]or vh(50522,264,2545)else Le();Uk:SetStatus('stopped','\224\184\155\224\184\180\224\184\148\224\184\129\224\184\178\224\184\163\224\184\151\224\184\179\224\184\135\224\184\178\224\184\153');On=yj[13519]or vh(44031,13519,60298)end elseif On<=42332 then if On<=22123 then On=yj[10597]or vh(39714,10597,62192)continue else if not _G.AutoFarmLevel then On=yj[-14541]or vh(59449,-14541,10735)continue end On=yj[-29534]or vh(12239,-29534,22394)end else Uk:SetStatus('running','\224\184\159\224\184\178\224\184\163\224\185\140\224\184\161\224\184\149\224\184\178\224\184\161\224\184\151\224\184\181\224\185\136\224\185\128\224\184\165\224\184\183\224\184\173\224\184\129...');On=yj[29511]or vh(31022,29511,99933)end until On==3316 end})local Pb=na.Farm:AddSection'Config';Pb:AddDropdown('AttackPositionDropdown',{Title='Attack Position',Description='\224\185\128\224\184\165\224\184\183\224\184\173\224\184\129\224\184\149\224\184\179\224\185\129\224\184\171\224\184\153\224\185\136\224\184\135\224\184\151\224\184\181\224\185\136\224\184\136\224\184\176\224\184\162\224\184\183\224\184\153\224\185\130\224\184\136\224\184\161\224\184\149\224\184\181\224\184\161\224\184\173\224\184\153\224\184\170\224\185\128\224\184\149\224\184\173\224\184\163\224\185\140/\224\184\154\224\184\173\224\184\170\n Above = \224\185\128\224\184\171\224\184\153\224\184\183\224\184\173\224\184\171\224\184\177\224\184\167\n Behind = \224\184\148\224\185\137\224\184\178\224\184\153\224\184\171\224\184\165\224\184\177\224\184\135\n Below = \224\185\131\224\184\149\224\185\137\224\185\128\224\184\151\